Sample	0	1	2	3	4	5	6	7	8	9	10	11	12	13	14	15	16	17	18	19	20	21	22	23	24	25	26	27	28	29	30	31	32	33	34
SRR5364315_1	(2.0, 229.0)	(3.0, 577.0)	(4.0, 949.0)	(5.0, 1113.0)	(6.0, 1583.0)	(7.0, 2170.0)	(8.0, 3533.0)	(9.0, 5725.0)	(10.0, 7896.0)	(11.0, 8917.0)	(12.0, 9568.0)	(13.0, 10510.0)	(14.0, 11589.0)	(15.0, 13144.0)	(16.0, 14554.0)	(17.0, 16081.0)	(18.0, 17707.0)	(19.0, 18974.0)	(20.0, 21005.0)	(21.0, 23552.0)	(22.0, 26784.0)	(23.0, 32050.0)	(24.0, 40666.0)	(25.0, 54001.0)	(26.0, 72817.0)	(27.0, 99690.0)	(28.0, 136559.0)	(29.0, 182168.0)	(30.0, 247633.0)	(31.0, 335340.0)	(32.0, 471298.0)	(33.0, 704802.0)	(34.0, 1220247.0)	(35.0, 3154568.0)	(36.0, 46613253.0)
SRR5364315_2	(2.0, 20949.0)	(3.0, 22704.0)	(4.0, 23253.0)	(5.0, 19871.0)	(6.0, 18284.0)	(7.0, 17860.0)	(8.0, 18418.0)	(9.0, 19638.0)	(10.0, 20835.0)	(11.0, 22310.0)	(12.0, 23379.0)	(13.0, 24690.0)	(14.0, 26236.0)	(15.0, 28390.0)	(16.0, 30346.0)	(17.0, 33639.0)	(18.0, 37306.0)	(19.0, 40593.0)	(20.0, 45987.0)	(21.0, 54021.0)	(22.0, 68840.0)	(23.0, 90850.0)	(24.0, 117127.0)	(25.0, 145996.0)	(26.0, 177942.0)	(27.0, 215129.0)	(28.0, 261813.0)	(29.0, 318648.0)	(30.0, 395302.0)	(31.0, 501551.0)	(32.0, 665354.0)	(33.0, 964494.0)	(34.0, 1555612.0)	(35.0, 3680003.0)	(36.0, 43873882.0)
SRR5364316_1	(2.0, 166.0)	(3.0, 462.0)	(4.0, 792.0)	(5.0, 958.0)	(6.0, 1324.0)	(7.0, 1880.0)	(8.0, 3107.0)	(9.0, 5071.0)	(10.0, 6699.0)	(11.0, 7556.0)	(12.0, 8484.0)	(13.0, 9331.0)	(14.0, 10416.0)	(15.0, 11718.0)	(16.0, 13150.0)	(17.0, 14579.0)	(18.0, 16146.0)	(19.0, 17462.0)	(20.0, 19365.0)	(21.0, 21668.0)	(22.0, 25163.0)	(23.0, 30200.0)	(24.0, 38312.0)	(25.0, 50973.0)	(26.0, 69216.0)	(27.0, 94388.0)	(28.0, 129087.0)	(29.0, 174593.0)	(30.0, 238139.0)	(31.0, 328891.0)	(32.0, 468971.0)	(33.0, 719680.0)	(34.0, 1291893.0)	(35.0, 3556340.0)	(36.0, 38113311.0)
SRR5364316_2	(2.0, 13602.0)	(3.0, 15080.0)	(4.0, 15127.0)	(5.0, 12656.0)	(6.0, 11760.0)	(7.0, 11627.0)	(8.0, 12325.0)	(9.0, 13787.0)	(10.0, 14395.0)	(11.0, 15794.0)	(12.0, 16210.0)	(13.0, 17193.0)	(14.0, 18391.0)	(15.0, 19764.0)	(16.0, 21359.0)	(17.0, 23434.0)	(18.0, 25816.0)	(19.0, 27718.0)	(20.0, 31119.0)	(21.0, 35873.0)	(22.0, 44969.0)	(23.0, 59636.0)	(24.0, 74876.0)	(25.0, 94166.0)	(26.0, 116516.0)	(27.0, 144380.0)	(28.0, 178160.0)	(29.0, 223362.0)	(30.0, 283279.0)	(31.0, 368436.0)	(32.0, 505614.0)	(33.0, 751221.0)	(34.0, 1245394.0)	(35.0, 3048842.0)	(36.0, 37987610.0)
SRR5364317_1	(2.0, 169.0)	(3.0, 407.0)	(4.0, 694.0)	(5.0, 874.0)	(6.0, 1125.0)	(7.0, 1672.0)	(8.0, 2652.0)	(9.0, 4159.0)	(10.0, 5605.0)	(11.0, 6456.0)	(12.0, 7170.0)	(13.0, 7982.0)	(14.0, 9090.0)	(15.0, 10261.0)	(16.0, 11373.0)	(17.0, 12554.0)	(18.0, 14265.0)	(19.0, 15155.0)	(20.0, 17246.0)	(21.0, 19242.0)	(22.0, 22292.0)	(23.0, 27004.0)	(24.0, 34682.0)	(25.0, 46570.0)	(26.0, 63270.0)	(27.0, 86743.0)	(28.0, 117638.0)	(29.0, 159767.0)	(30.0, 215782.0)	(31.0, 296976.0)	(32.0, 424504.0)	(33.0, 649296.0)	(34.0, 1167564.0)	(35.0, 3286720.0)	(36.0, 36114633.0)
SRR5364317_2	(2.0, 16590.0)	(3.0, 17503.0)	(4.0, 17213.0)	(5.0, 14174.0)	(6.0, 12883.0)	(7.0, 12642.0)	(8.0, 13039.0)	(9.0, 14034.0)	(10.0, 14828.0)	(11.0, 15748.0)	(12.0, 16346.0)	(13.0, 17503.0)	(14.0, 18607.0)	(15.0, 19860.0)	(16.0, 21570.0)	(17.0, 23686.0)	(18.0, 26135.0)	(19.0, 28845.0)	(20.0, 32517.0)	(21.0, 37553.0)	(22.0, 47292.0)	(23.0, 62537.0)	(24.0, 80569.0)	(25.0, 101218.0)	(26.0, 124768.0)	(27.0, 154850.0)	(28.0, 188710.0)	(29.0, 234660.0)	(30.0, 295550.0)	(31.0, 381602.0)	(32.0, 514588.0)	(33.0, 759194.0)	(34.0, 1247728.0)	(35.0, 3006234.0)	(36.0, 35270816.0)
SRR5364318_1	(2.0, 195.0)	(3.0, 291.0)	(4.0, 552.0)	(5.0, 781.0)	(6.0, 1070.0)	(7.0, 1644.0)	(8.0, 2743.0)	(9.0, 4603.0)	(10.0, 6037.0)	(11.0, 6821.0)	(12.0, 7475.0)	(13.0, 8205.0)	(14.0, 9046.0)	(15.0, 10169.0)	(16.0, 11103.0)	(17.0, 12259.0)	(18.0, 13860.0)	(19.0, 15031.0)	(20.0, 16871.0)	(21.0, 18892.0)	(22.0, 21958.0)	(23.0, 26395.0)	(24.0, 33971.0)	(25.0, 46013.0)	(26.0, 61912.0)	(27.0, 85887.0)	(28.0, 117988.0)	(29.0, 161453.0)	(30.0, 221651.0)	(31.0, 305744.0)	(32.0, 441578.0)	(33.0, 687253.0)	(34.0, 1262297.0)	(35.0, 3731504.0)	(36.0, 36560455.0)
SRR5364318_2	(2.0, 14134.0)	(3.0, 15024.0)	(4.0, 15154.0)	(5.0, 12712.0)	(6.0, 11684.0)	(7.0, 11800.0)	(8.0, 12499.0)	(9.0, 13506.0)	(10.0, 14276.0)	(11.0, 15347.0)	(12.0, 15828.0)	(13.0, 16891.0)	(14.0, 17853.0)	(15.0, 19242.0)	(16.0, 20537.0)	(17.0, 22549.0)	(18.0, 24941.0)	(19.0, 27221.0)	(20.0, 30411.0)	(21.0, 35286.0)	(22.0, 43750.0)	(23.0, 57929.0)	(24.0, 73350.0)	(25.0, 92845.0)	(26.0, 115619.0)	(27.0, 143597.0)	(28.0, 177933.0)	(29.0, 220583.0)	(30.0, 280515.0)	(31.0, 362171.0)	(32.0, 492819.0)	(33.0, 728171.0)	(34.0, 1206433.0)	(35.0, 2947608.0)	(36.0, 36603489.0)
SRR5364334_1	(2.0, 197.0)	(3.0, 499.0)	(4.0, 879.0)	(5.0, 1037.0)	(6.0, 1508.0)	(7.0, 2177.0)	(8.0, 3314.0)	(9.0, 5433.0)	(10.0, 7311.0)	(11.0, 8179.0)	(12.0, 8899.0)	(13.0, 10185.0)	(14.0, 11096.0)	(15.0, 12435.0)	(16.0, 13516.0)	(17.0, 15239.0)	(18.0, 16739.0)	(19.0, 18355.0)	(20.0, 20398.0)	(21.0, 23296.0)	(22.0, 27161.0)	(23.0, 32748.0)	(24.0, 42131.0)	(25.0, 56211.0)	(26.0, 76922.0)	(27.0, 105982.0)	(28.0, 145150.0)	(29.0, 197725.0)	(30.0, 268634.0)	(31.0, 368263.0)	(32.0, 518958.0)	(33.0, 777081.0)	(34.0, 1350318.0)	(35.0, 3466908.0)	(36.0, 46530743.0)
SRR5364334_2	(2.0, 25844.0)	(3.0, 26535.0)	(4.0, 28251.0)	(5.0, 24129.0)	(6.0, 22068.0)	(7.0, 21467.0)	(8.0, 21818.0)	(9.0, 22831.0)	(10.0, 23661.0)	(11.0, 25144.0)	(12.0, 26188.0)	(13.0, 28196.0)	(14.0, 29660.0)	(15.0, 32278.0)	(16.0, 35149.0)	(17.0, 38644.0)	(18.0, 42687.0)	(19.0, 47135.0)	(20.0, 53875.0)	(21.0, 63772.0)	(22.0, 82158.0)	(23.0, 110137.0)	(24.0, 141746.0)	(25.0, 176984.0)	(26.0, 214475.0)	(27.0, 260393.0)	(28.0, 313296.0)	(29.0, 380421.0)	(30.0, 469003.0)	(31.0, 592664.0)	(32.0, 779529.0)	(33.0, 1113603.0)	(34.0, 1779749.0)	(35.0, 4075939.0)	(36.0, 43016198.0)
SRR5364335_1	(2.0, 227.0)	(3.0, 472.0)	(4.0, 654.0)	(5.0, 876.0)	(6.0, 1240.0)	(7.0, 1679.0)	(8.0, 2988.0)	(9.0, 4966.0)	(10.0, 6361.0)	(11.0, 7172.0)	(12.0, 7931.0)	(13.0, 8805.0)	(14.0, 9548.0)	(15.0, 10855.0)	(16.0, 11907.0)	(17.0, 13311.0)	(18.0, 14611.0)	(19.0, 15940.0)	(20.0, 17642.0)	(21.0, 19976.0)	(22.0, 23152.0)	(23.0, 27963.0)	(24.0, 35784.0)	(25.0, 47837.0)	(26.0, 65760.0)	(27.0, 91357.0)	(28.0, 126343.0)	(29.0, 173963.0)	(30.0, 237502.0)	(31.0, 329871.0)	(32.0, 472348.0)	(33.0, 722268.0)	(34.0, 1298290.0)	(35.0, 3733501.0)	(36.0, 38399727.0)
SRR5364335_2	(2.0, 19204.0)	(3.0, 19952.0)	(4.0, 21241.0)	(5.0, 17718.0)	(6.0, 16170.0)	(7.0, 16016.0)	(8.0, 16552.0)	(9.0, 17692.0)	(10.0, 18183.0)	(11.0, 19348.0)	(12.0, 20199.0)	(13.0, 21670.0)	(14.0, 23019.0)	(15.0, 24845.0)	(16.0, 26680.0)	(17.0, 29731.0)	(18.0, 32701.0)	(19.0, 36019.0)	(20.0, 41373.0)	(21.0, 48511.0)	(22.0, 61730.0)	(23.0, 83666.0)	(24.0, 108504.0)	(25.0, 136202.0)	(26.0, 168061.0)	(27.0, 204559.0)	(28.0, 249359.0)	(29.0, 306146.0)	(30.0, 380576.0)	(31.0, 484209.0)	(32.0, 643385.0)	(33.0, 927499.0)	(34.0, 1487316.0)	(35.0, 3430119.0)	(36.0, 36784672.0)
SRR5364336_1	(2.0, 165.0)	(3.0, 462.0)	(4.0, 840.0)	(5.0, 1002.0)	(6.0, 1472.0)	(7.0, 2122.0)	(8.0, 3495.0)	(9.0, 5771.0)	(10.0, 7918.0)	(11.0, 8896.0)	(12.0, 9455.0)	(13.0, 10669.0)	(14.0, 11870.0)	(15.0, 13427.0)	(16.0, 14709.0)	(17.0, 16559.0)	(18.0, 17965.0)	(19.0, 19702.0)	(20.0, 21516.0)	(21.0, 24622.0)	(22.0, 28592.0)	(23.0, 34272.0)	(24.0, 43812.0)	(25.0, 58175.0)	(26.0, 79987.0)	(27.0, 108936.0)	(28.0, 149946.0)	(29.0, 204020.0)	(30.0, 277271.0)	(31.0, 379039.0)	(32.0, 535751.0)	(33.0, 806479.0)	(34.0, 1408453.0)	(35.0, 3698364.0)	(36.0, 48385433.0)
SRR5364336_2	(2.0, 21676.0)	(3.0, 21849.0)	(4.0, 24005.0)	(5.0, 20135.0)	(6.0, 18841.0)	(7.0, 18530.0)	(8.0, 19250.0)	(9.0, 20763.0)	(10.0, 21461.0)	(11.0, 23301.0)	(12.0, 23872.0)	(13.0, 25891.0)	(14.0, 27943.0)	(15.0, 29784.0)	(16.0, 32306.0)	(17.0, 35443.0)	(18.0, 39165.0)	(19.0, 43016.0)	(20.0, 49496.0)	(21.0, 57612.0)	(22.0, 73728.0)	(23.0, 99485.0)	(24.0, 128078.0)	(25.0, 160942.0)	(26.0, 196957.0)	(27.0, 241569.0)	(28.0, 292922.0)	(29.0, 357711.0)	(30.0, 442696.0)	(31.0, 561680.0)	(32.0, 744847.0)	(33.0, 1073555.0)	(34.0, 1736031.0)	(35.0, 4080397.0)	(36.0, 45626230.0)
SRR5364337_1	(2.0, 187.0)	(3.0, 371.0)	(4.0, 599.0)	(5.0, 756.0)	(6.0, 1118.0)	(7.0, 1740.0)	(8.0, 2833.0)	(9.0, 4674.0)	(10.0, 6205.0)	(11.0, 6893.0)	(12.0, 7604.0)	(13.0, 8555.0)	(14.0, 9229.0)	(15.0, 10244.0)	(16.0, 11596.0)	(17.0, 12981.0)	(18.0, 14317.0)	(19.0, 15784.0)	(20.0, 17388.0)	(21.0, 19632.0)	(22.0, 22914.0)	(23.0, 27607.0)	(24.0, 35797.0)	(25.0, 47330.0)	(26.0, 64878.0)	(27.0, 89746.0)	(28.0, 123131.0)	(29.0, 169692.0)	(30.0, 231782.0)	(31.0, 322002.0)	(32.0, 465875.0)	(33.0, 729555.0)	(34.0, 1348310.0)	(35.0, 4009321.0)	(36.0, 34854456.0)
SRR5364337_2	(2.0, 13001.0)	(3.0, 14174.0)	(4.0, 14679.0)	(5.0, 12412.0)	(6.0, 11614.0)	(7.0, 11561.0)	(8.0, 12375.0)	(9.0, 13599.0)	(10.0, 14483.0)	(11.0, 15664.0)	(12.0, 15937.0)	(13.0, 17375.0)	(14.0, 18617.0)	(15.0, 20034.0)	(16.0, 21670.0)	(17.0, 23812.0)	(18.0, 26144.0)	(19.0, 28568.0)	(20.0, 31937.0)	(21.0, 37443.0)	(22.0, 46208.0)	(23.0, 60814.0)	(24.0, 77798.0)	(25.0, 97977.0)	(26.0, 121059.0)	(27.0, 150633.0)	(28.0, 186058.0)	(29.0, 230964.0)	(30.0, 291750.0)	(31.0, 378830.0)	(32.0, 515910.0)	(33.0, 762250.0)	(34.0, 1259782.0)	(35.0, 3029520.0)	(36.0, 35110450.0)
